total=2062
mean=0.48026775
min=0.10628583
max=0.81203681
